 36173  9.665776134949432 20 
 37499  4.701374899043156 20 
 37669  4.076089056519654 20 
 37967  4.324539339396424 20 
 38077  4.271171130806226 20 
 38480  4.098330297839283 20 
 36163  10.115088290087966 40 
 37490  4.775821037078485 40 
 37659  4.060508483779168 40 
 37955  4.316487589956073 40 
 38074  4.082843238674866 40 
 36142  10.275768131924488 80 
 37502  4.403982396635398 80 
 37701  4.003063836944673 80 
 37925  4.1552539762287 80 
 36158  10.121659815384456 120 
 36178  9.752464224851666 200 
 36202  9.349435329793263 400 
 36151  8.913329334784752 800 
 36469  7.79508535673484 1600 
 37267  6.10835122984253 3200 
