6.374000000000000000e+03 5.168382505419519823e+00
6.375000000000000000e+03 5.159945843136217292e+00
6.376000000000000000e+03 5.149246496357499758e+00
6.377000000000000000e+03 5.115310833659211021e+00
6.378000000000000000e+03 5.341087915699698208e+00
6.379000000000000000e+03 5.566637701845198904e+00
6.380000000000000000e+03 5.850793331044623180e+00
6.381000000000000000e+03 5.890818631211830692e+00
6.382000000000000000e+03 5.846790071724645266e+00
6.383000000000000000e+03 6.061303767595703107e+00
6.384000000000000000e+03 6.074949239039313831e+00
6.385000000000000000e+03 6.301645979335136261e+00
6.386000000000000000e+03 6.250002781014983633e+00
6.387000000000000000e+03 6.227070669680982995e+00
6.388000000000000000e+03 6.663496813666784035e+00
6.389000000000000000e+03 6.786296812759937680e+00
6.390000000000000000e+03 6.793813985889375573e+00
6.391000000000000000e+03 6.841100153959950525e+00
6.392000000000000000e+03 6.930846863323558260e+00
6.393000000000000000e+03 7.093715515274084282e+00
6.394000000000000000e+03 6.910005302360635149e+00
6.395000000000000000e+03 7.009623558234871155e+00
6.396000000000000000e+03 7.081957820756260347e+00
6.397000000000000000e+03 7.180316102707818615e+00
6.398000000000000000e+03 7.532344540290724311e+00
6.399000000000000000e+03 7.631686864807889492e+00
6.400000000000000000e+03 7.748036416828775863e+00
6.401000000000000000e+03 7.821587966506500678e+00
6.402000000000000000e+03 7.532794224257024496e+00
6.403000000000000000e+03 7.695536860469846197e+00
6.404000000000000000e+03 7.823593116523519519e+00
6.405000000000000000e+03 7.907385071336454629e+00
6.406000000000000000e+03 7.874967499735818777e+00
6.407000000000000000e+03 7.693370685164574674e+00
6.408000000000000000e+03 7.629448786457706966e+00
6.409000000000000000e+03 7.493651383114794839e+00
6.410000000000000000e+03 7.500294156365043818e+00
6.411000000000000000e+03 7.544695798846244195e+00
6.412000000000000000e+03 7.527200290060716448e+00
6.413000000000000000e+03 7.387318229939903169e+00
6.414000000000000000e+03 7.328503343386546298e+00
6.415000000000000000e+03 7.343377116101600599e+00
6.416000000000000000e+03 7.284540016929470951e+00
6.417000000000000000e+03 7.311710240137376360e+00
6.418000000000000000e+03 7.396549176682906790e+00
6.419000000000000000e+03 7.204692042171704891e+00
6.420000000000000000e+03 7.128182201084740655e+00
6.421000000000000000e+03 7.005861298866809861e+00
6.422000000000000000e+03 7.102600205881668849e+00
6.423000000000000000e+03 7.145432680690825045e+00
6.424000000000000000e+03 6.917037512384277775e+00
6.425000000000000000e+03 6.967139804494816069e+00
6.426000000000000000e+03 6.989207925025645807e+00
6.427000000000000000e+03 7.035176411588103029e+00
6.428000000000000000e+03 7.110519120069910493e+00
6.429000000000000000e+03 6.872053255174103370e+00
6.430000000000000000e+03 6.783733307012953517e+00
6.431000000000000000e+03 6.611676402061372748e+00
6.432000000000000000e+03 6.618467822476247875e+00
6.433000000000000000e+03 6.838780025803053775e+00
6.434000000000000000e+03 6.686374916403492463e+00
6.435000000000000000e+03 6.956469818784902337e+00
6.436000000000000000e+03 6.899670098013239716e+00
6.437000000000000000e+03 6.676959771235039476e+00
6.438000000000000000e+03 6.578854527707822974e+00
6.439000000000000000e+03 6.284599665350063979e+00
6.440000000000000000e+03 6.117011278804651120e+00
6.441000000000000000e+03 6.104129862755029556e+00
6.442000000000000000e+03 6.106175407299332392e+00
6.443000000000000000e+03 6.249153390485389536e+00
6.444000000000000000e+03 6.272997310617236977e+00
6.445000000000000000e+03 6.272011321512380277e+00
6.446000000000000000e+03 6.159147378471675260e+00
6.447000000000000000e+03 6.128140205781583028e+00
6.448000000000000000e+03 6.271656107318137607e+00
6.449000000000000000e+03 6.432086413426542748e+00
6.450000000000000000e+03 6.458184774586746002e+00
6.451000000000000000e+03 6.351943816000282794e+00
6.452000000000000000e+03 6.482140260946963828e+00
6.453000000000000000e+03 6.651930631722692056e+00
6.454000000000000000e+03 6.669091924638086866e+00
6.455000000000000000e+03 6.727785449935796969e+00
6.456000000000000000e+03 6.568120672572545615e+00
6.457000000000000000e+03 6.534051663926453202e+00
6.458000000000000000e+03 6.496150678191231265e+00
6.459000000000000000e+03 6.437397067685517449e+00
6.460000000000000000e+03 6.483576129035779623e+00
6.461000000000000000e+03 6.430667047452687690e+00
6.462000000000000000e+03 6.587609237124670614e+00
6.463000000000000000e+03 6.665348123941136294e+00
6.464000000000000000e+03 6.744954405990604585e+00
6.465000000000000000e+03 6.922892569218189962e+00
6.466000000000000000e+03 6.997241483599681899e+00
6.467000000000000000e+03 7.080353478119367772e+00
6.468000000000000000e+03 7.142695733909982359e+00
6.469000000000000000e+03 7.199414566697483586e+00
6.470000000000000000e+03 7.209348257097937918e+00
6.471000000000000000e+03 7.326299245972252017e+00
6.472000000000000000e+03 7.501753166983520238e+00
6.473000000000000000e+03 7.486569874410236025e+00
6.474000000000000000e+03 7.517284072025430142e+00
6.475000000000000000e+03 7.517449071906633584e+00
6.476000000000000000e+03 7.115505002896520992e+00
6.477000000000000000e+03 7.152056275079021752e+00
6.478000000000000000e+03 7.326036415583616623e+00
6.479000000000000000e+03 7.080018873920504774e+00
6.480000000000000000e+03 7.249746360336059681e+00
6.481000000000000000e+03 7.370548770192372423e+00
6.482000000000000000e+03 7.445422454627053988e+00
6.483000000000000000e+03 7.419777549276045825e+00
6.484000000000000000e+03 7.198429736566648529e+00
6.485000000000000000e+03 7.162044645964090073e+00
6.486000000000000000e+03 7.162261537045442772e+00
6.487000000000000000e+03 7.212136384537490841e+00
6.488000000000000000e+03 7.335656312739502916e+00
6.489000000000000000e+03 7.223242847146573276e+00
6.490000000000000000e+03 6.872086301115962748e+00
6.491000000000000000e+03 6.856877422444275005e+00
6.492000000000000000e+03 6.984486874517857657e+00
6.493000000000000000e+03 6.857078701231590578e+00
6.494000000000000000e+03 6.808803973529369280e+00
6.495000000000000000e+03 6.735648493261439995e+00
6.496000000000000000e+03 6.839905253210844194e+00
6.497000000000000000e+03 7.103678358116857439e+00
6.498000000000000000e+03 7.225520838574738036e+00
6.499000000000000000e+03 7.338266539591823623e+00
6.500000000000000000e+03 7.382187616971806143e+00
6.501000000000000000e+03 7.403164691057302349e+00
6.502000000000000000e+03 7.344271656933099024e+00
6.503000000000000000e+03 7.080340036273173432e+00
6.504000000000000000e+03 6.748307696105198872e+00
6.505000000000000000e+03 6.761747287389741956e+00
6.506000000000000000e+03 6.665533484178141954e+00
6.507000000000000000e+03 6.667150338372990426e+00
6.508000000000000000e+03 6.604814951348951801e+00
6.509000000000000000e+03 6.479043111509568575e+00
6.510000000000000000e+03 6.611503560612445263e+00
6.511000000000000000e+03 6.477538739583508232e+00
6.512000000000000000e+03 6.592516949718150165e+00
6.513000000000000000e+03 6.563800520194555510e+00
6.514000000000000000e+03 6.581255579921885257e+00
6.515000000000000000e+03 6.373654275225666410e+00
6.516000000000000000e+03 6.313867406278713013e+00
6.517000000000000000e+03 6.470955297286656638e+00
6.518000000000000000e+03 6.588130375181484588e+00
6.519000000000000000e+03 6.594664783391466223e+00
6.520000000000000000e+03 6.818759463941443499e+00
6.521000000000000000e+03 6.738085011878814257e+00
6.522000000000000000e+03 6.682308002406732506e+00
6.523000000000000000e+03 6.344472648026483697e+00
6.524000000000000000e+03 6.351273007064884624e+00
6.525000000000000000e+03 6.549804671887251573e+00
6.526000000000000000e+03 6.443024251644160039e+00
6.527000000000000000e+03 6.257662429879224497e+00
6.528000000000000000e+03 6.199485126153536640e+00
6.529000000000000000e+03 6.255472307603371362e+00
6.530000000000000000e+03 6.303161339438855926e+00
6.531000000000000000e+03 6.542457026132058040e+00
6.532000000000000000e+03 6.585773961875755589e+00
6.533000000000000000e+03 6.438471317963379015e+00
6.534000000000000000e+03 6.514342776367042731e+00
6.535000000000000000e+03 6.466617415582303074e+00
6.536000000000000000e+03 6.507199148832388147e+00
6.537000000000000000e+03 6.538546844358029020e+00
6.538000000000000000e+03 6.354120409559648408e+00
6.539000000000000000e+03 6.337827605373605344e+00
6.540000000000000000e+03 6.149042426553291030e+00
6.541000000000000000e+03 5.969535172565370473e+00
6.542000000000000000e+03 6.022608396623762239e+00
6.543000000000000000e+03 6.190513448013691189e+00
6.544000000000000000e+03 6.351660494831532944e+00
6.545000000000000000e+03 6.450406726640553146e+00
6.546000000000000000e+03 6.428109866406773065e+00
6.547000000000000000e+03 6.411934563515492513e+00
6.548000000000000000e+03 6.512051607752356475e+00
6.549000000000000000e+03 6.473055608179477893e+00
6.550000000000000000e+03 6.490941536222600838e+00
6.551000000000000000e+03 6.128024882576547760e+00
6.552000000000000000e+03 6.252540866453740520e+00
6.553000000000000000e+03 6.152741603987847974e+00
6.554000000000000000e+03 6.146774744533194834e+00
6.555000000000000000e+03 6.109148954401300458e+00
6.556000000000000000e+03 6.188279994099660897e+00
6.557000000000000000e+03 6.315120745003969915e+00
6.558000000000000000e+03 6.346706026262122435e+00
6.559000000000000000e+03 6.119904222566033170e+00
6.560000000000000000e+03 6.094326329986343715e+00
6.561000000000000000e+03 5.995730313895411001e+00
6.562000000000000000e+03 5.959173217980930026e+00
6.563000000000000000e+03 5.991519137414035079e+00
6.564000000000000000e+03 6.320869687475158649e+00
6.565000000000000000e+03 6.364472834646275778e+00
6.566000000000000000e+03 6.395044154709056627e+00
6.567000000000000000e+03 6.360133675175456247e+00
6.568000000000000000e+03 6.589953305373139614e+00
6.569000000000000000e+03 6.590414175329031288e+00
6.570000000000000000e+03 6.544925070110430454e+00
6.571000000000000000e+03 6.511620142436614245e+00
6.572000000000000000e+03 6.347642393767566560e+00
6.573000000000000000e+03 6.352463946882527246e+00
6.574000000000000000e+03 6.270733438596610476e+00
6.575000000000000000e+03 6.187195514472114688e+00
6.576000000000000000e+03 6.154779606191572938e+00
6.577000000000000000e+03 6.057414075557976396e+00
6.578000000000000000e+03 6.013557994796252082e+00
6.579000000000000000e+03 5.994065168963111923e+00
6.580000000000000000e+03 6.136162182585411351e+00
6.581000000000000000e+03 6.130023058210533726e+00
6.582000000000000000e+03 6.234741983852249980e+00
6.583000000000000000e+03 6.226671484922839284e+00
6.584000000000000000e+03 6.184316311834336943e+00
6.585000000000000000e+03 6.194666773970504359e+00
6.586000000000000000e+03 6.309172102126506587e+00
6.587000000000000000e+03 6.195545223912480637e+00
6.588000000000000000e+03 6.269665907832511209e+00
6.589000000000000000e+03 6.012277412750814065e+00
6.590000000000000000e+03 5.966332208276225124e+00
6.591000000000000000e+03 5.926130596488178526e+00
6.592000000000000000e+03 6.060871782449188672e+00
6.593000000000000000e+03 5.942374419356744930e+00
6.594000000000000000e+03 5.833312363234889553e+00
6.595000000000000000e+03 5.765674802543456323e+00
6.596000000000000000e+03 5.708299654656061151e+00
6.597000000000000000e+03 5.402131369692743768e+00
6.598000000000000000e+03 5.205428666212742250e+00
6.599000000000000000e+03 5.162691688748213714e+00
6.600000000000000000e+03 5.397424079461814017e+00
6.601000000000000000e+03 5.284428832896983508e+00
6.602000000000000000e+03 5.075873375127521570e+00
6.603000000000000000e+03 5.016193343991761644e+00
